780	700	705	710	700	700	700	710	710	710	710	715	730	
655	795	720	725	715	710	705	710	715	715	715	725	730	
660	675	805	740	730	720	720	715	720	720	720	725	740	
665	685	695	820	745	740	730	725	725	725	730	730	745	
660	675	685	700	830	750	745	735	735	725	730	730	730	
650	665	680	700	710	845	755	750	745	735	735	730	740	
660	665	675	695	705	715	855	765	760	750	745	735	745	
660	665	670	685	700	715	720	870	770	760	750	745	745	
665	675	675	680	690	700	715	725	880	780	770	760	760
665	670	680	680	680	695	705	720	735	885	770	760	760
670	670	680	685	685	685	695	710	730	725	905	760	760	
670	675	680	685	690	690	685	705	720	720	720	920	760	
685	685	690	695	690	695	700	700	715	715	715	715	930	
