0	14	14	14	1	1	1	1	2	1	1	1	2	1	1	1	1	1	1	1	1	1	1	1	1	1	1	1	2	1	1	1	2	1	1	1	2	1	1	1	2	1	1	1	2	1	1	1	4	1	1	1
14	0	14	14	1	1	1	1	1	2	1	1	1	2	1	1	1	1	1	1	1	1	1	1	1	1	1	1	1	2	1	1	1	2	1	1	1	2	1	1	1	2	1	1	1	2	1	1	1	4	1	1
14	14	0	14	1	1	1	1	1	1	2	1	1	1	2	1	1	1	1	1	1	1	1	1	1	1	1	1	1	1	2	1	1	1	2	1	1	1	2	1	1	1	2	1	1	1	2	1	1	1	4	1
14	14	14	0	1	1	1	1	1	1	1	2	1	1	1	2	1	1	1	1	1	1	1	1	1	1	1	1	1	1	1	2	1	1	1	2	1	1	1	2	1	1	1	2	1	1	1	2	1	1	1	4
1	1	1	1	0	14	14	14	2	1	1	1	4	1	1	1	2	1	1	1	2	1	1	1	2	1	1	1	2	1	1	1	2	1	1	1	2	1	1	1	2	1	1	1	4	1	1	1	4	1	1	1
1	1	1	1	14	0	14	14	1	2	1	1	1	4	1	1	1	2	1	1	1	2	1	1	1	2	1	1	1	2	1	1	1	2	1	1	1	2	1	1	1	2	1	1	1	4	1	1	1	4	1	1
1	1	1	1	14	14	0	14	1	1	2	1	1	1	4	1	1	1	2	1	1	1	2	1	1	1	2	1	1	1	2	1	1	1	2	1	1	1	2	1	1	1	2	1	1	1	4	1	1	1	4	1
1	1	1	1	14	14	14	0	1	1	1	2	1	1	1	4	1	1	1	2	1	1	1	2	1	1	1	2	1	1	1	2	1	1	1	2	1	1	1	2	1	1	1	2	1	1	1	4	1	1	1	4
2	1	1	1	2	1	1	1	0	15	15	15	8	1	1	1	4	1	1	1	2	1	1	1	2	1	1	1	2	1	1	1	2	1	1	1	2	1	1	1	2	1	1	1	4	1	1	1	8	1	1	1
1	2	1	1	1	2	1	1	15	0	15	15	1	8	1	1	1	4	1	1	1	2	1	1	1	2	1	1	1	2	1	1	1	2	1	1	1	2	1	1	1	2	1	1	1	4	1	1	1	8	1	1
1	1	2	1	1	1	2	1	15	15	0	15	1	1	8	1	1	1	4	1	1	1	2	1	1	1	2	1	1	1	2	1	1	1	2	1	1	1	2	1	1	1	2	1	1	1	4	1	1	1	8	1
1	1	1	2	1	1	1	2	15	15	15	0	1	1	1	8	1	1	1	4	1	1	1	2	1	1	1	2	1	1	1	2	1	1	1	2	1	1	1	2	1	1	1	2	1	1	1	4	1	1	1	8
2	1	1	1	4	1	1	1	8	1	1	1	0	15	15	15	8	1	1	1	8	1	1	1	4	1	1	1	4	1	1	1	4	1	1	1	4	1	1	1	4	1	1	1	4	1	1	1	8	1	1	1
1	2	1	1	1	4	1	1	1	8	1	1	15	0	15	15	1	8	1	1	1	8	1	1	1	4	1	1	1	4	1	1	1	4	1	1	1	4	1	1	1	4	1	1	1	4	1	1	1	8	1	1
1	1	2	1	1	1	4	1	1	1	8	1	15	15	0	15	1	1	8	1	1	1	8	1	1	1	4	1	1	1	4	1	1	1	4	1	1	1	4	1	1	1	4	1	1	1	4	1	1	1	8	1
1	1	1	2	1	1	1	4	1	1	1	8	15	15	15	0	1	1	1	8	1	1	1	8	1	1	1	4	1	1	1	4	1	1	1	4	1	1	1	4	1	1	1	4	1	1	1	4	1	1	1	8
1	1	1	1	2	1	1	1	4	1	1	1	8	1	1	1	0	15	15	15	8	2	2	2	8	2	2	2	8	1	1	1	8	1	1	1	4	1	1	1	4	1	1	1	4	1	1	1	4	1	1	1
1	1	1	1	1	2	1	1	1	4	1	1	1	8	1	1	15	0	15	15	2	8	2	2	2	8	2	2	1	8	1	1	1	8	1	1	1	4	1	1	1	4	1	1	1	4	1	1	1	4	1	1
1	1	1	1	1	1	2	1	1	1	4	1	1	1	8	1	15	15	0	15	2	2	8	2	2	2	8	2	1	1	8	1	1	1	8	1	1	1	4	1	1	1	4	1	1	1	4	1	1	1	4	1
1	1	1	1	1	1	1	2	1	1	1	4	1	1	1	8	15	15	15	0	2	2	2	8	2	2	2	8	1	1	1	8	1	1	1	8	1	1	1	4	1	1	1	4	1	1	1	4	1	1	1	4
1	1	1	1	2	1	1	1	2	1	1	1	8	1	1	1	8	2	2	2	0	15	15	15	10	2	2	2	8	2	2	2	8	1	1	1	8	1	1	1	8	1	1	1	4	1	1	1	8	1	1	1
1	1	1	1	1	2	1	1	1	2	1	1	1	8	1	1	2	8	2	2	15	0	15	15	2	10	2	2	2	8	2	2	1	8	1	1	1	8	1	1	1	8	1	1	1	4	1	1	1	8	1	1
1	1	1	1	1	1	2	1	1	1	2	1	1	1	8	1	2	2	8	2	15	15	0	15	2	2	10	2	2	2	8	2	1	1	8	1	1	1	8	1	1	1	8	1	1	1	4	1	1	1	8	1
1	1	1	1	1	1	1	2	1	1	1	2	1	1	1	8	2	2	2	8	15	15	15	0	2	2	2	10	2	2	2	8	1	1	1	8	1	1	1	8	1	1	1	8	1	1	1	4	1	1	1	8
1	1	1	1	2	1	1	1	2	1	1	1	4	1	1	1	8	2	2	2	10	2	2	2	0	15	15	15	10	2	2	2	10	2	2	2	8	2	2	2	8	1	1	1	8	1	1	1	8	1	1	1
1	1	1	1	1	2	1	1	1	2	1	1	1	4	1	1	2	8	2	2	2	10	2	2	15	0	15	15	2	10	2	2	2	10	2	2	2	8	2	2	1	8	1	1	1	8	1	1	1	8	1	1
1	1	1	1	1	1	2	1	1	1	2	1	1	1	4	1	2	2	8	2	2	2	10	2	15	15	0	15	2	2	10	2	2	2	10	2	2	2	8	2	1	1	8	1	1	1	8	1	1	1	8	1
1	1	1	1	1	1	1	2	1	1	1	2	1	1	1	4	2	2	2	8	2	2	2	10	15	15	15	0	2	2	2	10	2	2	2	10	2	2	2	8	1	1	1	8	1	1	1	8	1	1	1	8
2	1	1	1	2	1	1	1	2	1	1	1	4	1	1	1	8	1	1	1	8	2	2	2	10	2	2	2	0	15	15	15	10	4	4	4	10	2	2	2	8	2	2	2	8	2	2	2	8	1	1	1
1	2	1	1	1	2	1	1	1	2	1	1	1	4	1	1	1	8	1	1	2	8	2	2	2	10	2	2	15	0	15	15	4	10	4	4	2	10	2	2	2	8	2	2	2	8	2	2	1	8	1	1
1	1	2	1	1	1	2	1	1	1	2	1	1	1	4	1	1	1	8	1	2	2	8	2	2	2	10	2	15	15	0	15	4	4	10	4	2	2	10	2	2	2	8	2	2	2	8	2	1	1	8	1
1	1	1	2	1	1	1	2	1	1	1	2	1	1	1	4	1	1	1	8	2	2	2	8	2	2	2	10	15	15	15	0	4	4	4	10	2	2	2	10	2	2	2	8	2	2	2	8	1	1	1	8
2	1	1	1	2	1	1	1	2	1	1	1	4	1	1	1	8	1	1	1	8	1	1	1	10	2	2	2	10	4	4	4	0	15	15	15	14	8	8	8	10	4	4	4	10	2	2	2	10	2	2	2
1	2	1	1	1	2	1	1	1	2	1	1	1	4	1	1	1	8	1	1	1	8	1	1	2	10	2	2	4	10	4	4	15	0	15	15	8	14	8	8	4	10	4	4	2	10	2	2	2	10	2	2
1	1	2	1	1	1	2	1	1	1	2	1	1	1	4	1	1	1	8	1	1	1	8	1	2	2	10	2	4	4	10	4	15	15	0	15	8	8	14	8	4	4	10	4	2	2	10	2	2	2	10	2
1	1	1	2	1	1	1	2	1	1	1	2	1	1	1	4	1	1	1	8	1	1	1	8	2	2	2	10	4	4	4	10	15	15	15	0	8	8	8	14	4	4	4	10	2	2	2	10	2	2	2	10
2	1	1	1	2	1	1	1	2	1	1	1	4	1	1	1	4	1	1	1	8	1	1	1	8	2	2	2	10	2	2	2	14	8	8	8	0	15	15	15	10	4	4	4	10	2	2	2	10	2	2	2
1	2	1	1	1	2	1	1	1	2	1	1	1	4	1	1	1	4	1	1	1	8	1	1	2	8	2	2	2	10	2	2	8	14	8	8	15	0	15	15	4	10	4	4	2	10	2	2	2	10	2	2
1	1	2	1	1	1	2	1	1	1	2	1	1	1	4	1	1	1	4	1	1	1	8	1	2	2	8	2	2	2	10	2	8	8	14	8	15	15	0	15	4	4	10	4	2	2	10	2	2	2	10	2
1	1	1	2	1	1	1	2	1	1	1	2	1	1	1	4	1	1	1	4	1	1	1	8	2	2	2	8	2	2	2	10	8	8	8	14	15	15	15	0	4	4	4	10	2	2	2	10	2	2	2	10
2	1	1	1	2	1	1	1	2	1	1	1	4	1	1	1	4	1	1	1	8	1	1	1	8	1	1	1	8	2	2	2	10	4	4	4	10	4	4	4	0	15	15	15	10	2	2	2	10	2	2	2
1	2	1	1	1	2	1	1	1	2	1	1	1	4	1	1	1	4	1	1	1	8	1	1	1	8	1	1	2	8	2	2	4	10	4	4	4	10	4	4	15	0	15	15	2	10	2	2	2	10	2	2
1	1	2	1	1	1	2	1	1	1	2	1	1	1	4	1	1	1	4	1	1	1	8	1	1	1	8	1	2	2	8	2	4	4	10	4	4	4	10	4	15	15	0	15	2	2	10	2	2	2	10	2
1	1	1	2	1	1	1	2	1	1	1	2	1	1	1	4	1	1	1	4	1	1	1	8	1	1	1	8	2	2	2	8	4	4	4	10	4	4	4	10	15	15	15	0	2	2	2	10	2	2	2	10
2	1	1	1	4	1	1	1	4	1	1	1	4	1	1	1	4	1	1	1	4	1	1	1	8	1	1	1	8	2	2	2	10	2	2	2	10	2	2	2	10	2	2	2	0	15	15	15	10	2	2	2
1	2	1	1	1	4	1	1	1	4	1	1	1	4	1	1	1	4	1	1	1	4	1	1	1	8	1	1	2	8	2	2	2	10	2	2	2	10	2	2	2	10	2	2	15	0	15	15	2	10	2	2
1	1	2	1	1	1	4	1	1	1	4	1	1	1	4	1	1	1	4	1	1	1	4	1	1	1	8	1	2	2	8	2	2	2	10	2	2	2	10	2	2	2	10	2	15	15	0	15	2	2	10	2
1	1	1	2	1	1	1	4	1	1	1	4	1	1	1	4	1	1	1	4	1	1	1	4	1	1	1	8	2	2	2	8	2	2	2	10	2	2	2	10	2	2	2	10	15	15	15	0	2	2	2	10
4	1	1	1	4	1	1	1	8	1	1	1	8	1	1	1	4	1	1	1	8	1	1	1	8	1	1	1	8	1	1	1	10	2	2	2	10	2	2	2	10	2	2	2	10	2	2	2	0	15	15	15
1	4	1	1	1	4	1	1	1	8	1	1	1	8	1	1	1	4	1	1	1	8	1	1	1	8	1	1	1	8	1	1	2	10	2	2	2	10	2	2	2	10	2	2	2	10	2	2	15	0	15	15
1	1	4	1	1	1	4	1	1	1	8	1	1	1	8	1	1	1	4	1	1	1	8	1	1	1	8	1	1	1	8	1	2	2	10	2	2	2	10	2	2	2	10	2	2	2	10	2	15	15	0	15
1	1	1	4	1	1	1	4	1	1	1	8	1	1	1	8	1	1	1	4	1	1	1	8	1	1	1	8	1	1	1	8	2	2	2	10	2	2	2	10	2	2	2	10	2	2	2	10	15	15	15	0
