0	3	3	3	7	6	6	6	8	6	6	6	8	6	6	6	7	6	6	6	7	6	6	6	7	6	6	6	8	6	6	6	8	6	6	6	8	6	6	6	8	6	6	6	8	6	6	6	8	7	7	7
3	0	3	3	6	7	6	6	6	8	6	6	6	8	6	6	6	7	6	6	6	7	6	6	6	7	6	6	6	8	6	6	6	8	6	6	6	8	6	6	6	8	6	6	6	8	6	6	7	8	7	7
3	3	0	3	6	6	7	6	6	6	8	6	6	6	8	6	6	6	7	6	6	6	7	6	6	6	7	6	6	6	8	6	6	6	8	6	6	6	8	6	6	6	8	6	6	6	8	6	7	7	8	7
3	3	3	0	6	6	6	7	6	6	6	8	6	6	6	8	6	6	6	7	6	6	6	7	6	6	6	7	6	6	6	8	6	6	6	8	6	6	6	8	6	6	6	8	6	6	6	8	7	7	7	8
7	6	6	6	0	3	3	3	8	7	7	7	8	7	7	7	8	7	7	7	8	6	6	6	8	6	6	6	8	6	6	6	8	7	7	7	8	6	6	6	8	6	6	6	8	7	7	7	8	7	7	7
6	7	6	6	3	0	3	3	7	8	7	7	7	8	7	7	7	8	7	7	6	8	6	6	6	8	6	6	6	8	6	6	7	8	7	7	6	8	6	6	6	8	6	6	7	8	7	7	7	8	7	7
6	6	7	6	3	3	0	3	7	7	8	7	7	7	8	7	7	7	8	7	6	6	8	6	6	6	8	6	6	6	8	6	7	7	8	7	6	6	8	6	6	6	8	6	7	7	8	7	7	7	8	7
6	6	6	7	3	3	3	0	7	7	7	8	7	7	7	8	7	7	7	8	6	6	6	8	6	6	6	8	6	6	6	8	7	7	7	8	6	6	6	8	6	6	6	8	7	7	7	8	7	7	7	8
8	6	6	6	8	7	7	7	0	3	3	3	6	7	7	7	8	7	7	7	8	7	7	7	8	7	7	7	8	6	6	6	8	7	7	7	8	7	7	7	8	7	7	7	8	7	7	7	6	7	7	7
6	8	6	6	7	8	7	7	3	0	3	3	7	6	7	7	7	8	7	7	7	8	7	7	7	8	7	7	6	8	6	6	7	8	7	7	7	8	7	7	7	8	7	7	7	8	7	7	7	6	7	7
6	6	8	6	7	7	8	7	3	3	0	3	7	7	6	7	7	7	8	7	7	7	8	7	7	7	8	7	6	6	8	6	7	7	8	7	7	7	8	7	7	7	8	7	7	7	8	7	7	7	6	7
6	6	6	8	7	7	7	8	3	3	3	0	7	7	7	6	7	7	7	8	7	7	7	8	7	7	7	8	6	6	6	8	7	7	7	8	7	7	7	8	7	7	7	8	7	7	7	8	7	7	7	6
8	6	6	6	8	7	7	7	6	7	7	7	0	3	3	3	6	7	7	7	6	7	7	7	8	7	7	7	8	7	7	7	8	7	7	7	8	7	7	7	8	7	7	7	8	7	7	7	6	7	7	7
6	8	6	6	7	8	7	7	7	6	7	7	3	0	3	3	7	6	7	7	7	6	7	7	7	8	7	7	7	8	7	7	7	8	7	7	7	8	7	7	7	8	7	7	7	8	7	7	7	6	7	7
6	6	8	6	7	7	8	7	7	7	6	7	3	3	0	3	7	7	6	7	7	7	6	7	7	7	8	7	7	7	8	7	7	7	8	7	7	7	8	7	7	7	8	7	7	7	8	7	7	7	6	7
6	6	6	8	7	7	7	8	7	7	7	6	3	3	3	0	7	7	7	6	7	7	7	6	7	7	7	8	7	7	7	8	7	7	7	8	7	7	7	8	7	7	7	8	7	7	7	8	7	7	7	6
7	6	6	6	8	7	7	7	8	7	7	7	6	7	7	7	0	3	3	3	6	8	8	8	6	8	8	8	6	7	7	7	6	7	7	7	8	7	7	7	8	7	7	7	8	7	7	7	8	7	7	7
6	7	6	6	7	8	7	7	7	8	7	7	7	6	7	7	3	0	3	3	8	6	8	8	8	6	8	8	7	6	7	7	7	6	7	7	7	8	7	7	7	8	7	7	7	8	7	7	7	8	7	7
6	6	7	6	7	7	8	7	7	7	8	7	7	7	6	7	3	3	0	3	8	8	6	8	8	8	6	8	7	7	6	7	7	7	6	7	7	7	8	7	7	7	8	7	7	7	8	7	7	7	8	7
6	6	6	7	7	7	7	8	7	7	7	8	7	7	7	6	3	3	3	0	8	8	8	6	8	8	8	6	7	7	7	6	7	7	7	6	7	7	7	8	7	7	7	8	7	7	7	8	7	7	7	8
7	6	6	6	8	6	6	6	8	7	7	7	6	7	7	7	6	8	8	8	0	3	3	3	5	8	8	8	6	8	8	8	6	7	7	7	6	7	7	7	6	7	7	7	8	7	7	7	6	7	7	7
6	7	6	6	6	8	6	6	7	8	7	7	7	6	7	7	8	6	8	8	3	0	3	3	8	5	8	8	8	6	8	8	7	6	7	7	7	6	7	7	7	6	7	7	7	8	7	7	7	6	7	7
6	6	7	6	6	6	8	6	7	7	8	7	7	7	6	7	8	8	6	8	3	3	0	3	8	8	5	8	8	8	6	8	7	7	6	7	7	7	6	7	7	7	6	7	7	7	8	7	7	7	6	7
6	6	6	7	6	6	6	8	7	7	7	8	7	7	7	6	8	8	8	6	3	3	3	0	8	8	8	5	8	8	8	6	7	7	7	6	7	7	7	6	7	7	7	6	7	7	7	8	7	7	7	6
7	6	6	6	8	6	6	6	8	7	7	7	8	7	7	7	6	8	8	8	5	8	8	8	0	3	3	3	5	8	8	8	5	8	8	8	6	8	8	8	6	7	7	7	6	7	7	7	6	7	7	7
6	7	6	6	6	8	6	6	7	8	7	7	7	8	7	7	8	6	8	8	8	5	8	8	3	0	3	3	8	5	8	8	8	5	8	8	8	6	8	8	7	6	7	7	7	6	7	7	7	6	7	7
6	6	7	6	6	6	8	6	7	7	8	7	7	7	8	7	8	8	6	8	8	8	5	8	3	3	0	3	8	8	5	8	8	8	5	8	8	8	6	8	7	7	6	7	7	7	6	7	7	7	6	7
6	6	6	7	6	6	6	8	7	7	7	8	7	7	7	8	8	8	8	6	8	8	8	5	3	3	3	0	8	8	8	5	8	8	8	5	8	8	8	6	7	7	7	6	7	7	7	6	7	7	7	6
8	6	6	6	8	6	6	6	8	6	6	6	8	7	7	7	6	7	7	7	6	8	8	8	5	8	8	8	0	3	3	3	5	8	8	8	5	8	8	8	6	8	8	8	6	8	8	8	6	7	7	7
6	8	6	6	6	8	6	6	6	8	6	6	7	8	7	7	7	6	7	7	8	6	8	8	8	5	8	8	3	0	3	3	8	5	8	8	8	5	8	8	8	6	8	8	8	6	8	8	7	6	7	7
6	6	8	6	6	6	8	6	6	6	8	6	7	7	8	7	7	7	6	7	8	8	6	8	8	8	5	8	3	3	0	3	8	8	5	8	8	8	5	8	8	8	6	8	8	8	6	8	7	7	6	7
6	6	6	8	6	6	6	8	6	6	6	8	7	7	7	8	7	7	7	6	8	8	8	6	8	8	8	5	3	3	3	0	8	8	8	5	8	8	8	5	8	8	8	6	8	8	8	6	7	7	7	6
8	6	6	6	8	7	7	7	8	7	7	7	8	7	7	7	6	7	7	7	6	7	7	7	5	8	8	8	5	8	8	8	0	3	3	3	3	6	6	6	5	8	8	8	5	8	8	8	5	8	8	8
6	8	6	6	7	8	7	7	7	8	7	7	7	8	7	7	7	6	7	7	7	6	7	7	8	5	8	8	8	5	8	8	3	0	3	3	6	3	6	6	8	5	8	8	8	5	8	8	8	5	8	8
6	6	8	6	7	7	8	7	7	7	8	7	7	7	8	7	7	7	6	7	7	7	6	7	8	8	5	8	8	8	5	8	3	3	0	3	6	6	3	6	8	8	5	8	8	8	5	8	8	8	5	8
6	6	6	8	7	7	7	8	7	7	7	8	7	7	7	8	7	7	7	6	7	7	7	6	8	8	8	5	8	8	8	5	3	3	3	0	6	6	6	3	8	8	8	5	8	8	8	5	8	8	8	5
8	6	6	6	8	6	6	6	8	7	7	7	8	7	7	7	8	7	7	7	6	7	7	7	6	8	8	8	5	8	8	8	3	6	6	6	0	3	3	3	5	8	8	8	5	8	8	8	5	8	8	8
6	8	6	6	6	8	6	6	7	8	7	7	7	8	7	7	7	8	7	7	7	6	7	7	8	6	8	8	8	5	8	8	6	3	6	6	3	0	3	3	8	5	8	8	8	5	8	8	8	5	8	8
6	6	8	6	6	6	8	6	7	7	8	7	7	7	8	7	7	7	8	7	7	7	6	7	8	8	6	8	8	8	5	8	6	6	3	6	3	3	0	3	8	8	5	8	8	8	5	8	8	8	5	8
6	6	6	8	6	6	6	8	7	7	7	8	7	7	7	8	7	7	7	8	7	7	7	6	8	8	8	6	8	8	8	5	6	6	6	3	3	3	3	0	8	8	8	5	8	8	8	5	8	8	8	5
8	6	6	6	8	6	6	6	8	7	7	7	8	7	7	7	8	7	7	7	6	7	7	7	6	7	7	7	6	8	8	8	5	8	8	8	5	8	8	8	0	3	3	3	5	8	8	8	5	8	8	8
6	8	6	6	6	8	6	6	7	8	7	7	7	8	7	7	7	8	7	7	7	6	7	7	7	6	7	7	8	6	8	8	8	5	8	8	8	5	8	8	3	0	3	3	8	5	8	8	8	5	8	8
6	6	8	6	6	6	8	6	7	7	8	7	7	7	8	7	7	7	8	7	7	7	6	7	7	7	6	7	8	8	6	8	8	8	5	8	8	8	5	8	3	3	0	3	8	8	5	8	8	8	5	8
6	6	6	8	6	6	6	8	7	7	7	8	7	7	7	8	7	7	7	8	7	7	7	6	7	7	7	6	8	8	8	6	8	8	8	5	8	8	8	5	3	3	3	0	8	8	8	5	8	8	8	5
8	6	6	6	8	7	7	7	8	7	7	7	8	7	7	7	8	7	7	7	8	7	7	7	6	7	7	7	6	8	8	8	5	8	8	8	5	8	8	8	5	8	8	8	0	3	3	3	5	8	8	8
6	8	6	6	7	8	7	7	7	8	7	7	7	8	7	7	7	8	7	7	7	8	7	7	7	6	7	7	8	6	8	8	8	5	8	8	8	5	8	8	8	5	8	8	3	0	3	3	8	5	8	8
6	6	8	6	7	7	8	7	7	7	8	7	7	7	8	7	7	7	8	7	7	7	8	7	7	7	6	7	8	8	6	8	8	8	5	8	8	8	5	8	8	8	5	8	3	3	0	3	8	8	5	8
6	6	6	8	7	7	7	8	7	7	7	8	7	7	7	8	7	7	7	8	7	7	7	8	7	7	7	6	8	8	8	6	8	8	8	5	8	8	8	5	8	8	8	5	3	3	3	0	8	8	8	5
8	7	7	7	8	7	7	7	6	7	7	7	6	7	7	7	8	7	7	7	6	7	7	7	6	7	7	7	6	7	7	7	5	8	8	8	5	8	8	8	5	8	8	8	5	8	8	8	0	3	3	3
7	8	7	7	7	8	7	7	7	6	7	7	7	6	7	7	7	8	7	7	7	6	7	7	7	6	7	7	7	6	7	7	8	5	8	8	8	5	8	8	8	5	8	8	8	5	8	8	3	0	3	3
7	7	8	7	7	7	8	7	7	7	6	7	7	7	6	7	7	7	8	7	7	7	6	7	7	7	6	7	7	7	6	7	8	8	5	8	8	8	5	8	8	8	5	8	8	8	5	8	3	3	0	3
7	7	7	8	7	7	7	8	7	7	7	6	7	7	7	6	7	7	7	8	7	7	7	6	7	7	7	6	7	7	7	6	8	8	8	5	8	8	8	5	8	8	8	5	8	8	8	5	3	3	3	0